<?xml version="1.0" encoding="UTF-8"?>
<map version="1.10" tiledversion="1.11.1-99-gec89c545" orientation="orthogonal" renderorder="right-down" width="34" height="20" tilewidth="16" tileheight="16" infinite="0" nextlayerid="3" nextobjectid="1">
 <tileset firstgid="1" name="Atlas_GameUsine" tilewidth="16" tileheight="16" tilecount="612" columns="34">
  <image source="public/tiles/Atlas_GameUsine.png" width="550" height="300"/>
  <tile id="241">
   <animation>
    <frame tileid="241" duration="200"/>
    <frame tileid="243" duration="200"/>
    <frame tileid="245" duration="200"/>
    <frame tileid="247" duration="200"/>
   </animation>
  </tile>
  <tile id="275">
   <animation>
    <frame tileid="275" duration="200"/>
    <frame tileid="277" duration="200"/>
    <frame tileid="279" duration="200"/>
    <frame tileid="281" duration="200"/>
   </animation>
  </tile>
 </tileset>
 <layer id="2" name="parquet" width="34" height="20">
  <data encoding="csv">
0,0,0,0,0,0,0,0,0,0,0,0,0,0,0,0,0,0,0,0,0,0,0,0,0,0,0,0,0,0,0,0,0,0,
0,0,0,0,0,0,0,0,0,0,0,0,0,0,0,0,0,0,0,0,0,0,0,0,0,0,0,0,0,0,0,0,0,0,
0,0,0,0,0,0,0,0,0,0,0,0,0,0,0,0,0,0,0,0,0,0,0,0,0,0,0,0,0,0,0,0,0,0,
0,0,0,0,0,0,0,0,0,0,0,0,0,0,0,0,0,0,0,0,0,0,0,0,0,0,0,0,0,0,0,0,0,0,
0,0,0,0,0,0,0,0,0,0,0,0,0,0,0,0,0,0,0,0,0,0,0,0,0,0,0,0,0,0,0,0,0,0,
0,0,0,0,0,0,0,0,0,0,0,0,0,0,0,0,0,0,0,0,0,0,0,0,0,0,0,0,0,0,0,0,0,0,
0,0,0,0,0,0,0,0,0,0,0,0,0,0,0,0,0,0,0,0,0,0,0,0,0,0,0,0,0,0,0,0,0,0,
0,0,0,0,0,0,0,0,0,0,0,0,0,0,0,0,0,0,0,0,0,0,0,0,0,0,0,0,0,0,0,0,0,0,
237,238,237,238,238,237,238,237,238,237,238,238,237,238,237,238,237,238,237,238,237,238,237,238,237,238,237,238,237,238,237,238,237,238,
271,272,271,272,272,271,272,271,272,271,272,272,271,272,271,272,271,272,271,272,271,272,271,272,271,272,271,272,271,272,271,272,271,272,
305,306,305,306,306,305,306,305,306,305,306,306,305,306,305,306,305,306,305,306,305,306,305,306,305,306,305,306,305,306,305,306,305,306,
339,340,339,340,340,339,340,339,340,339,340,340,339,340,339,340,339,340,339,340,339,340,339,340,339,340,339,340,339,340,339,340,339,340,
373,374,373,374,374,373,374,373,374,373,374,374,373,374,373,374,373,374,373,374,373,374,373,374,373,374,373,374,373,374,373,374,373,374,
407,408,407,408,408,407,408,407,408,407,408,408,407,408,407,408,407,408,407,408,407,408,407,408,407,408,407,408,407,408,407,408,407,408,
441,442,441,442,442,441,442,441,442,441,442,442,441,442,441,442,441,442,441,442,441,442,441,442,441,442,441,442,441,442,441,442,441,442,
475,476,475,476,476,475,476,475,476,475,476,476,475,476,475,476,475,476,475,476,475,476,475,476,475,476,475,476,475,476,475,476,475,476,
509,510,509,510,510,509,510,509,510,509,510,510,509,510,509,510,509,510,509,510,509,510,509,510,509,510,509,510,509,510,509,510,509,510,
0,0,0,0,0,0,0,0,0,0,0,0,0,0,0,0,0,0,0,0,0,0,0,0,0,0,0,0,0,0,0,0,0,0,
0,0,0,0,0,0,0,0,0,0,0,0,0,0,0,0,0,0,0,0,0,0,0,0,0,0,0,0,0,0,0,0,0,0,
0,0,0,0,0,0,0,0,0,0,0,0,0,0,0,0,0,0,0,0,0,0,0,0,0,0,0,0,0,0,0,0,0,0
</data>
 </layer>
 <layer id="1" name="main" width="34" height="20">
  <data encoding="csv">
0,0,0,0,0,0,0,0,0,0,0,0,0,0,0,0,0,0,0,0,0,0,0,0,0,0,0,0,0,0,0,0,0,0,
0,0,0,0,0,0,0,0,0,0,0,0,0,0,0,0,0,0,0,0,0,0,0,0,0,0,0,0,0,0,0,0,0,0,
0,0,0,0,0,0,0,0,0,0,0,0,0,0,0,0,0,0,0,0,0,0,0,0,0,0,0,0,0,0,0,0,0,0,
0,0,0,0,0,0,0,0,0,0,0,0,0,0,0,0,0,0,0,0,0,0,0,0,0,0,0,0,0,0,0,0,0,0,
0,0,0,0,0,0,0,0,0,0,0,0,0,0,0,0,0,0,0,0,0,0,0,0,0,0,0,0,0,0,0,0,0,0,
0,0,0,0,0,0,0,0,0,0,0,0,0,0,0,0,0,0,0,0,0,0,0,0,0,0,0,0,0,0,0,0,0,0,
0,0,0,0,0,0,0,0,0,0,0,0,0,0,0,0,0,0,0,0,0,0,0,0,0,0,0,0,0,0,0,0,0,0,
0,0,0,0,0,0,0,0,0,0,0,0,0,0,0,0,0,0,0,0,0,0,0,0,0,0,0,0,0,0,0,0,0,0,
205,0,0,0,0,0,0,0,0,0,0,0,0,0,0,0,0,0,0,0,0,0,0,0,0,0,0,0,0,0,0,0,0,0,
239,242,242,242,242,242,242,242,242,242,242,242,242,242,242,242,242,242,242,242,242,242,242,242,242,242,242,242,242,242,242,242,242,242,
273,276,276,276,276,276,276,276,276,276,276,276,276,276,276,276,276,276,276,276,276,276,276,276,276,276,276,276,276,276,276,276,276,276,
307,276,276,276,276,276,276,276,276,276,276,276,276,276,276,276,276,276,276,276,276,276,276,276,276,276,276,276,276,276,276,276,276,276,
341,276,276,276,276,276,276,276,276,276,276,276,276,276,276,276,276,276,276,276,276,276,276,276,276,276,276,276,276,276,276,276,276,276,
375,276,276,276,276,276,276,276,276,276,276,276,276,276,276,276,276,276,276,276,276,276,276,276,276,276,276,276,276,276,276,276,276,276,
409,276,276,276,276,276,276,276,276,276,276,276,276,276,276,276,276,276,276,276,276,276,276,276,276,276,276,276,276,276,276,276,276,276,
0,444,445,446,446,446,446,446,446,446,446,446,446,446,446,446,446,446,446,446,446,446,446,446,446,446,446,446,446,446,446,446,444,445,
477,478,479,480,481,482,483,484,485,486,487,488,489,490,491,492,493,494,495,496,497,498,499,500,501,502,503,504,505,506,507,508,478,510,
511,512,513,514,515,516,517,518,519,520,521,522,523,524,525,526,527,528,529,530,531,532,533,534,535,536,537,538,539,540,541,542,543,544,
545,546,547,548,549,550,551,552,553,554,555,556,557,558,559,560,561,562,563,564,565,566,567,568,569,570,571,572,573,574,575,576,577,578,
579,580,581,582,583,584,585,586,587,588,589,590,591,592,593,594,595,596,597,598,599,600,601,602,603,604,605,606,607,608,609,610,611,612
</data>
 </layer>
</map>
